minimum
0 5 14 26 33 62 67 68 92 97 115 132 148 154 162 172 183 207 217 225 242 249 253 258 269 283 297 298 299 309 322 323 331 342 354 358 368 370 411 419 424 427 453 464 472 478 489 502 527 548 563 585 590 592 593 601 605 606 616 617 637 648 655 673 675 690 693 708 710 712 714 718 721 745 759 795 797 810 831 836 837 854 883 889 907 915 919 924 946 965 966 992 1015 1018 1019 1024 1031 1037 1039 1048 1067 1077 1098 1102 1111 1112 1139 1150 1160 1169 1177 1178 1186 1202 1206 1224 1226 1235 1293 1312 1318 1320 1326 1335 1387 1422 1428 1442 1483 1497 1500 1505 1511 1539 1541 1575 1579 1588 1595 1599 1609 1618 1619 1631 1634 1636 1655 1679 1703 1715 1722 1739 1756 1763 1772 1784 1788 1796 1806 1807 1812 1816 1841 1842 1850 1852 1883 1884 1934 1957 1970 1978 2003 2013 2018 2038 2047 2050 2066 2072 2096 2102 2104 2107 2119 2126 2129
number
0 18 26 43 62 67 102 111 120 136 142 143 163 177 178 199 202 203 209 211 219 250 257 282 297 304 322 327 348 355 358 377 390 393 393 401 405 408 411 419 449 450 451 462 463 464 481 483 485 488 499 501 525 544 545 550 554 558 561 590 607 608 609 612 623 624 629 633 639 655 656 659 673 674 676 684 684 689 699 700 710 713 715 718 722 733 735 741 745 749 763 765 782 792 794 798 800 817 824 827 840 847 854 861 862 865 866 883 898 902 905 907 924 925 935 942 948 955 964 968 971 990 993 995 1005 1016 1031 1044 1059 1062 1081 1108 1111 1112 1123 1136 1138 1144 1147 1149 1156 1163 1166 1169 1170 1178 1196 1212 1221 1226 1228 1232 1238 1247 1248 1253 1260 1265 1272 1277 1292 1297 1307 1326 1337 1363 1365 1367 1376 1379 1381 1389 1396 1401 1412 1414 1417 1435 1438 1450 1451 1462 1465 1475 1489 1500 1505 1513 1519 1519 1539 1545 1546 1547 1554 1568 1572 1574 1579 1590 1592 1604 1615 1621 1626 1629 1641 1658 1661 1687 1689 1695 1702 1707 1709 1720 1738 1748 1754 1762 1767 1784 1786 1795 1800 1805 1824 1833 1834 1835 1836 1841 1842 1846 1850 1855 1860 1864 1881 1890 1896 1900 1913 1934 1955 1988 1992 1995 1999 2006 2009 2011 2016 2018 2020 2035 2045 2047 2049 2060 2061 2065 2066 2075 2076 2081 2087 2096 2104 2114 2115 2117 2118 2130
of
0 6 10 10 15 18 26 32 39 40 43 47 53 58 62 66 66 67 68 73 75 82 90 97 102 104 109 111 111 115 117 120 123 124 135 142 143 146 156 162 163 178 186 199 203 207 209 210 211 219 222 224 228 235 239 250 251 254 257 261 261 265 267 268 275 282 287 288 289 297 304 305 305 307 309 314 318 322 323 327 331 348 353 355 356 358 360 369 369 377 390 393 393 393 396 405 408 411 414 415 415 419 423 425 442 442 449 450 455 460 463 464 467 468 480 481 483 485 485 496 499 501 509 515 519 529 535 544 545 548 550 552 554 561 568 586 589 590 603 607 608 609 612 612 616 624 627 629 633 642 643 646 650 656 656 659 666 673 674 676 679 684 685 688 691 693 699 700 710 715 718 720 721 722 730 731 731 732 735 742 744 744 745 746 749 754 757 760 760 763 765 774 776 777 779 782 786 789 792 792 794 798 800 802 808 810 811 817 818 823 827 827 831 838 840 847 850 854 861 865 867 871 875 883 903 905 907 909 918 920 924 925 927 934 942 944 945 948 955 963 964 964 968 971 973 978 990 993 995 1002 1004 1010 1012 1016 1020 1022 1030 1031 1034 1059 1062 1067 1071 1081 1085 1090 1091 1105 1111 1112 1122 1123 1126 1138 1144 1147 1149 1156 1158 1166 1169 1174 1178 1181 1182 1183 1186 1196 1207 1212 1212 1215 1219 1221 1222 1225 1226 1227 1228 1230 1232 1236 1236 1238 1240 1243 1243 1247 1248 1253 1260 1265 1270 1271 1274 1277 1278 1292 1292 1297 1300 1303 1307 1319 1320 1321 1326 1329 1337 1338 1353 1359 1361 1362 1363 1366 1367 1374 1389 1393 1401 1403 1403 1404 1407 1408 1412 1414 1417 1426 1428 1431 1434 1435 1436 1437 1443 1450 1450 1451 1452 1452 1458 1460 1468 1470 1475 1486 1487 1498 1499 1500 1509 1512 1513 1515 1519 1522 1532 1534 1538 1539 1545 1546 1547 1553 1553 1554 1556 1562 1571 1572 1574 1577 1578 1579 1581 1590 1592 1600 1601 1603 1604 1605 1606 1608 1611 1616 1616 1617 1620 1621 1626 1628 1629 1642 1643 1645 1657 1658 1658 1661 1661 1666 1669 1681 1689 1690 1690 1694 1701 1702 1707 1709 1710 1720 1727 1729 1730 1732 1734 1736 1738 1742 1750 1754 1762 1765 1767 1773 1776 1779 1780 1784 1793 1795 1817 1824 1833 1834 1835 1836 1841 1842 1845 1850 1855 1856 1859 1860 1865 1872 1873 1876 1878 1881 1881 1883 1898 1899 1907 1909 1913 1934 1946 1947 1948 1955 1957 1966 1971 1990 1995 2002 2006 2008 2009 2011 2012 2016 2018 2020 2021 2022 2029 2035 2043 2043 2045 2046 2047 2049 2050 2060 2061 2065 2066 2067 2073 2076 2078 2081 2087 2089 2089 2093 2096 2099 2111 2115 2116 2117 2118 2121 2130 2131
operations
0 129 322 368 419 714 725 742 759 768 854 883 919 967 989 1018 1039 1077 1107 1169 1265 1335 1417 1457 1502 1539 1579 1609 1726 1807 1812 1841 1852 1919 1975 2054 2064 2104 2129
to
0 0 3 3 5 9 14 14 18 26 33 49 55 68 83 102 115 129 132 138 150 154 156 166 172 173 174 174 175 186 188 193 195 195 211 217 225 227 229 242 243 249 253 258 269 283 283 297 299 304 322 331 336 342 358 368 370 372 375 393 408 411 419 424 434 434 454 464 468 471 472 476 489 496 499 512 532 558 569 580 585 591 593 601 605 612 624 625 637 644 648 655 682 684 684 686 690 690 691 698 699 700 705 710 714 714 716 718 718 725 729 738 756 758 759 759 771 777 795 796 808 835 836 837 841 844 860 865 880 883 898 915 917 919 946 965 966 971 981 982 992 995 1015 1018 1023 1031 1036 1039 1048 1049 1067 1069 1072 1076 1077 1081 1101 1103 1111 1139 1148 1149 1150 1153 1159 1166 1169 1178 1190 1211 1224 1231 1242 1259 1265 1292 1312 1315 1323 1326 1335 1341 1344 1347 1374 1387 1412 1427 1428 1438 1442 1457 1463 1464 1476 1496 1500 1505 1513 1519 1519 1539 1541 1545 1550 1554 1578 1579 1579 1588 1599 1609 1625 1631 1634 1641 1655 1679 1691 1706 1707 1709 1711 1715 1718 1723 1727 1756 1763 1771 1772 1780 1784 1796 1802 1806 1841 1850 1852 1861 1869 1896 1904 1907 1919 1926 1934 1934 1956 1957 1961 1978 1978 1981 2007 2009 2009 2011 2011 2019 2038 2047 2058 2066 2071 2079 2082 2087 2096 2102 2104 2107 2114 2115 2117 2119 2119 2124 2126 2129
make
0 3 5 9 26 68 129 132 165 172 195 197 269 277 301 322 368 434 468 601 605 608 637 643 644 729 738 781 798 803 819 836 837 860 919 965 982 992 1018 1039 1103 1111 1159 1169 1178 1180 1265 1312 1335 1341 1360 1372 1387 1457 1496 1500 1501 1539 1541 1578 1599 1609 1655 1784 1850 1852 1961 2019 2038 2047 2058 2096 2102 2119 2124 2129
all
0 3 32 66 146 200 213 261 306 359 360 369 411 447 453 461 468 472 510 554 599 619 644 666 705 802 915 930 1015 1022 1030 1050 1069 1087 1087 1176 1201 1225 1231 1267 1325 1335 1346 1390 1420 1436 1461 1515 1534 1564 1578 1579 1580 1601 1616 1669 1679 1706 1763 1808 1873 1936 1948 1953 2030 2031 2035 2062 2071
array
0 2 9 17 22 33 59 59 68 83 103 155 156 172 175 178 185 195 200 213 222 224 226 239 248 251 263 271 286 289 298 304 324 350 358 361 368 369 389 395 424 445 448 467 469 479 490 492 547 551 562 567 599 600 603 632 637 638 657 667 668 681 683 683 699 720 725 729 730 731 739 766 781 802 818 823 844 857 867 878 888 893 918 931 943 947 955 973 979 992 1009 1011 1032 1039 1048 1071 1077 1079 1091 1105 1107 1133 1136 1139 1180 1182 1183 1186 1190 1219 1219 1220 1227 1241 1254 1283 1312 1318 1319 1327 1327 1328 1335 1338 1341 1345 1352 1378 1404 1415 1439 1445 1457 1461 1501 1533 1539 1550 1563 1569 1587 1589 1601 1609 1642 1652 1655 1659 1670 1682 1688 1690 1699 1708 1731 1736 1742 1775 1783 1784 1792 1797 1816 1844 1847 1852 1857 1869 1872 1889 1907 1909 1918 1935 1968 1990 2011 2019 2040 2053 2058 2082 2085 2086 2090 2097 2121 2128 2129 2131
elements
0 33 98 147 147 156 162 248 306 410 452 539 547 752 818 897 942 1048 1186 1335 1352 1413 1440 1457 1601 1642 1744 1819 1912 1978 2019 2028 2072 2085
equal
0 33 129 156 171 186 230 262 263 318 393 468 488 600 601 612 637 643 644 777 798 803 854 981 995 1039 1048 1056 1133 1144 1208 1292 1335 1344 1352 1360 1372 1448 1457 1464 1501 1609 1618 1698 1859 1922 2035 2079 2089 2117 2119 2127
1
0 1242 1435 2061
maximum
1 8 10 18 39 58 73 75 105 109 124 128 142 143 164 174 186 192 202 219 229 230 232 235 268 271 276 290 302 327 344 355 366 374 394 396 405 427 439 444 445 449 455 456 477 496 515 518 529 544 552 555 583 608 622 633 656 658 659 672 674 699 722 754 764 784 786 839 840 843 895 944 955 968 969 976 986 987 990 991 1001 1002 1004 1034 1059 1071 1108 1119 1125 1126 1144 1206 1212 1227 1262 1266 1272 1277 1291 1300 1313 1318 1319 1329 1358 1378 1393 1397 1403 1407 1414 1445 1451 1476 1482 1486 1509 1516 1522 1525 1530 1532 1543 1547 1551 1553 1576 1581 1589 1592 1600 1611 1621 1637 1642 1645 1661 1665 1667 1682 1683 1726 1730 1736 1742 1744 1745 1761 1765 1774 1782 1817 1819 1836 1845 1856 1895 1931 1932 1937 1940 1979 2018 2049 2064 2065 2070 2074 2098 2099 2130
rows
1 692 1144 1487
covered
1 291 1551 1564
by
1 2 198 210 301 338 341 386 399 419 512 614 632 641 677 789 839 855 895 987 1038 1120 1134 1164 1219 1234 1286 1299 1303 1360 1380 1389 1435 1501 1551 1563 1633 1715 1743 1747 1783 1805 1844 1901 1973 2014 2042 2072 2080 2085
columns
1 738 1144 1243 1496 1961
check
2 99 106 111 137 389 414 479 488 530 551 568 581 640 768 803 891 960 1010 1087 1174 1269 1274 1346 1349 1390 1391 1441 1474 1534 1561 1564 1820 1886 1941 2004 2035 2090 2131
if
2 99 111 137 414 479 488 530 551 568 576 581 768 803 891 960 1010 1087 1274 1346 1349 1385 1390 1391 1441 1474 1534 1561 1564 1680 1693 1820 1886 1941 2004 2035 2090 2131
pairs
2 17 120 199 209 221 263 350 356 406 730 732 794 852 871 955 1085 1133 1146 1254 1292 1303 1358 1434 1448 1488 1498 1538 1574 1581 1626 1629 1662 1762 1769 1844 1873 1881 2045
are
2 99 177 640 789 960 1385 1390 1564 1693
divisible
2 301 677 789 897 992 1121 1133 1134 1234 1303 1743 1844 2080
k
2 62 67 98 128 251 259 329 410 460 509 529 612 626 628 648 677 692 693 752 779 859 897 906 943 981 989 995 1023 1045 1116 1166 1229 1234 1254 1353 1390 1425 1445 1450 1476 1477 1526 1531 1532 1534 1548 1588 1594 1598 1629 1657 1676 1682 1703 1709 1710 1743 1744 1758 1769 1771 1807 1844 1924 1932 1940 1953 1954 2016 2022 2046 2079 2117 2121
reorder
3 890 2011 2027
routes
3 1302 1580
paths
3 36 377 423 643 677 1036 1069 1203 1367 1410 1497 1640 1966 1994 1995 2087
lead
3
the
3 9 14 40 40 43 51 62 66 95 105 120 154 163 177 191 197 203 210 213 247 257 282 296 297 312 316 332 368 369 372 395 396 427 430 448 464 468 474 478 481 483 485 495 509 521 540 545 551 574 583 607 613 625 626 631 645 661 667 668 669 686 690 691 692 696 711 729 731 754 756 782 782 802 809 823 835 835 840 865 873 885 891 918 927 927 942 943 945 948 948 949 950 979 979 988 998 999 1046 1090 1101 1102 1111 1139 1143 1156 1168 1178 1183 1186 1209 1232 1239 1243 1246 1260 1268 1277 1283 1286 1298 1299 1304 1317 1321 1337 1338 1342 1353 1361 1385 1396 1403 1424 1432 1432 1435 1452 1457 1460 1467 1469 1475 1487 1497 1498 1499 1499 1503 1505 1550 1552 1553 1564 1581 1585 1603 1633 1666 1673 1677 1681 1682 1714 1724 1729 1732 1738 1745 1750 1757 1765 1772 1795 1834 1834 1852 1857 1866 1868 1889 1892 1893 1895 1909 1918 1936 1940 1942 1942 1951 1957 1974 1990 2001 2001 2018 2020 2021 2028 2029 2040 2047 2062 2067 2067 2075 2081 2118 2118 2129
city
3 243 484 541 948 1102 1168
zero
3 49 468 558 750 759 919 1078 1370 1464 1501 1519 1753 1919 1934
smallest
4 63 80 136 159 171 210 234 353 410 534 538 573 733 753 756 757 782 845 932 948 1007 1044 1198 1234 1235 1260 1262 1311 1395 1424 1487 1489 1502 1505 1537 1602 1620 1769 1853 1890 1920 1969 2054 2062 2111
string
4 5 24 28 66 72 118 132 137 187 191 197 223 260 261 275 299 322 351 412 425 433 434 442 446 447 450 460 534 580 581 581 591 593 597 617 630 728 733 756 764 765 768 787 803 837 845 859 866 932 936 938 939 940 953 960 1010 1034 1041 1070 1081 1103 1111 1123 1152 1155 1175 1178 1185 1211 1216 1230 1233 1242 1246 1250 1266 1349 1395 1416 1420 1427 1431 1475 1484 1492 1495 1498 1499 1508 1513 1534 1554 1572 1587 1597 1606 1676 1701 1707 1732 1736 1746 1779 1797 1802 1838 1869 1889 1909 1928 1941 1974 1987 1998 1999 2007 2031 2047 2054 2102 2124 2131
with
4 12 38 56 80 96 105 119 142 143 147 152 156 169 171 186 191 216 231 233 273 292 296 326 342 346 353 377 394 452 458 461 478 494 510 513 524 539 542 556 600 619 622 659 670 683 721 750 761 767 768 779 802 822 828 841 854 856 892 926 936 938 942 944 948 950 969 977 995 998 1019 1034 1042 1062 1107 1146 1163 1166 1210 1238 1242 1262 1276 1292 1293 1294 1300 1303 1305 1323 1334 1344 1345 1352 1353 1370 1386 1395 1400 1421 1422 1429 1439 1464 1477 1485 1487 1488 1497 1526 1532 1548 1560 1566 1576 1594 1598 1604 1611 1617 1620 1629 1658 1663 1667 1672 1676 1692 1698 1702 1723 1737 1738 1744 1769 1782 1791 1807 1809 1834 1905 1924 1940 1948 1967 2030 2044 2050 2062 2089 2116 2117
swaps
4 258 601 1111 1387 1505 1679 1703 1805 2047
additions
5
valid
5 74 139 149 269 335 504 551 565 574 605 821 935 940 1011 1095 1126 1131 1249 1252 1294 1316 1325 1349 1363 1441 1538 1590 1599 1846 1874 1913 1941 2004 2076
count
6 13 17 27 34 38 41 43 85 116 120 130 147 163 170 181 199 211 227 247 257 261 282 348 356 413 425 461 488 521 542 561 562 569 595 662 694 732 747 777 786 847 871 910 934 949 956 978 998 1059 1068 1096 1097 1120 1133 1146 1172 1196 1228 1232 1256 1287 1308 1309 1325 1343 1351 1386 1400 1417 1431 1470 1477 1494 1506 1510 1542 1548 1580 1596 1629 1672 1689 1795 1809 1844 1847 1855 1859 1860 1879 1919 1972 1981 1984 2030 2052 2075 2081
collisions
6 694
monkeys
6
on
6 253 273 358 374 452 694 764 946 967 1097 1161 1307 1432 1703 1725 1788 1858 1870 1913
a
6 10 18 23 29 30 56 72 87 90 92 99 109 111 116 122 124 130 132 140 146 170 174 186 190 196 203 207 207 224 231 231 233 242 256 258 260 261 267 273 274 283 288 296 313 319 323 326 327 331 341 346 353 355 358 364 407 415 415 419 425 431 432 445 445 447 460 465 473 485 499 551 568 568 568 572 580 581 585 588 591 593 597 636 643 646 656 674 683 684 685 692 694 707 715 718 721 736 744 756 764 765 771 785 792 796 800 802 810 812 814 827 830 831 831 895 915 924 925 938 948 953 964 1000 1004 1017 1018 1025 1030 1034 1041 1052 1061 1081 1091 1101 1123 1142 1146 1151 1174 1202 1212 1224 1230 1240 1243 1266 1296 1307 1313 1321 1329 1342 1349 1354 1367 1393 1395 1410 1424 1425 1431 1436 1438 1441 1441 1442 1442 1460 1465 1465 1466 1475 1487 1488 1498 1499 1510 1515 1515 1519 1529 1534 1537 1551 1554 1560 1564 1572 1590 1595 1596 1599 1602 1615 1634 1641 1645 1648 1653 1661 1681 1691 1692 1695 1701 1707 1707 1708 1709 1717 1725 1730 1732 1736 1737 1767 1773 1779 1780 1780 1788 1813 1817 1820 1821 1838 1841 1858 1869 1870 1876 1877 1878 1883 1909 1912 1917 1935 1937 1941 1947 1950 1959 1967 1976 1978 1998 2007 2008 2036 2043 2043 2043 2058 2075 2089 2090 2099 2106 2114 2119 2131
polygon
6 309
design
7 48 89 208 328 345 357 418 441 618 872 876 901 1151 1171 1405 1449 1485 1615 1704 1716 1717 1737 1960
authentication
7
manager
7 161 885
average
8 156 366 427 612 777 789 908 1160 1278 1366 1439 1610
pass
8 1317
ratio
8
remove
9 145 278 291 329 397 435 472 528 540 605 625 898 996 1078 1385 1413 1420 1436 1533 1605 1654 1675 1711 1731 1787 1916 2031 2115
one
9 122 188 341 386 536 684 774 803 838 919 977 1010 1120 1297 1370 1478 1576 1599 1809
element
9 154 205 239 274 452 626 657 717 838 867 893 928 947 958 984 1017 1217 1433 1537 1582 1602 1654 1761 1935 1968 2029 2059
strictly
9 147 902 1180
increasing
9 112 428 728 762 956 1180 1193 1211 1221 1367 1387 1563 1740 1813 1819 1925 2083 2129
area
10 287 321 387 527 776 1098 1674 1749 2073
piece
10
cake
10
after
10 128 130 162 226 404 442 469 477 487 617 626 741 742 745 818 838 865 989 1266 1293 1332 1397 1408 1417 1465 1470 1502 1549 1577 1601 1612 1620 1703 1709 1761 1788 1805 1827 1932 1975 2004 2016 2054 2064 2121
horizontal
10
and
10 16 76 139 147 150 187 220 239 427 457 471 479 488 513 532 537 571 586 594 612 613 615 622 624 635 653 671 675 682 693 695 727 750 773 786 832 849 855 867 1040 1054 1085 1119 1133 1171 1191 1206 1235 1282 1318 1323 1325 1343 1346 1406 1411 1418 1419 1448 1452 1464 1474 1535 1546 1586 1624 1639 1639 1720 1723 1742 1752 1761 1781 1847 1848 1873 1882 1897 1921 1944 2000 2018 2022 2028
vertical
10 387 1878
cuts
10 1224
process
11 874 1366
tasks
11 249 297 544 1015 1763
using
11 114 122 236 370 584 585 756
servers
11 662 1253
flower
12
planting
12
no
12 387 1658 1710 1905
adjacent
12 670 942 1420 1492 1505 1703 2031
special
13 231 370 412 664 721 814 1228 1352 1530 1879
integers
13 18 49 319 552 691 829 919 1068 1270 1286 1357 1400 1417 1435 1491 1526 1564 1572 1594 1641 1854 1964 2016
fuel
14
cost
14 92 105 143 424 489 637 690 721 831 980 1037 1150 1428 1588 1599 1634 1706 1739 1771 1957 1991 2038 2050 2126
report
14
capital
14 45 470
bag
15 810
tokens
15
loud
16
rich
16
nice
17 501 557 1196 1963
in
17 20 29 32 60 61 72 91 92 99 122 140 162 163 170 178 181 185 187 200 207 213 224 231 232 233 234 239 245 251 256 275 286 288 298 306 312 341 350 355 364 365 384 406 407 415 431 445 447 465 473 500 511 517 521 530 547 555 559 562 568 572 576 589 597 599 620 636 643 657 658 668 674 675 677 684 686 692 707 753 765 766 778 787 800 810 812 814 820 831 851 859 861 865 866 868 871 890 893 904 910 913 915 918 924 925 931 943 947 953 955 978 979 999 1008 1017 1021 1030 1036 1041 1044 1068 1071 1080 1088 1123 1133 1136 1138 1141 1146 1156 1168 1179 1202 1235 1251 1278 1283 1296 1313 1328 1336 1342 1367 1368 1373 1377 1378 1410 1415 1418 1420 1430 1438 1441 1442 1456 1461 1492 1499 1515 1520 1529 1537 1564 1569 1570 1572 1575 1587 1589 1590 1596 1599 1602 1619 1639 1642 1648 1651 1653 1659 1661 1684 1697 1708 1736 1792 1797 1813 1816 1821 1822 1834 1843 1847 1858 1869 1889 1890 1912 1917 1918 1925 1928 1930 1935 1936 1937 1950 1953 1955 1959 1967 1968 1981 1984 1986 1987 1989 1996 1998 1999 2031 2036 2043 2046 2059 2106 2118 2126 2130
an
17 137 200 238 268 289 350 369 424 467 547 555 562 567 599 657 683 699 714 720 725 731 867 871 876 901 910 943 973 1071 1107 1133 1136 1182 1183 1338 1452 1461 1479 1569 1587 1601 1642 1659 1736 1770 1792 1797 1847 1851 1858 1918 1981 2020 2021 2086
choose
18
from
18 44 59 84 138 165 241 248 252 260 278 302 313 319 344 378 397 410 528 529 540 696 733 771 819 832 845 898 1000 1032 1037 1069 1078 1201 1318 1324 1489 1508 1516 1533 1593 1605 1621 1624 1646 1726 1731 1752 1770 1802 1843 1884 1939 2022 2087 2098
range
18 159 163 228 264 410 586 882 910 934 994 1104 1146 1207 1425 1426 1460 1564 1570 1858 1885 1920 2069
i
18 159 167 184 366 508 634 900 1288 1433 1447 1493 1673 1755 2105
detect
19 45 868 1657
squares
19 133 245 296 1091 1490
booking
20
concert
20
tickets
20 716 1739
groups
20 327 449 460 840 920 1022 1112 1155 1179 1428 1971 2014 2078
nim
21
game
21 40 42 65 70 167 349 383 392 497 516 582 652 751 799 894 927 1122 1162 1183 1223 1310 1314 1339 1446 1681 1721 1725 1735 1801 1810 1811 1814 1903 1938 2005 2077 2084 2118
snapshot
22
parsing
23
boolean
23 724
expression
23 75 77 512 703 1090 1943 1957
longest
24 32 112 149 152 237 281 352 420 507 557 574 620 622 665 670 679 687 709 774 783 838 842 869 931 962 999 1038 1055 1092 1193 1214 1221 1222 1258 1296 1344 1432 1447 1484 1531 1567 1598 1623 1659 1666 1732 1799 1813 1830 1930 1950 1963 1982 2015 2024 2079 2083
chain
24 235
even
25 220 422 538 552 789 972 984 999 1179 1238 1400 1408 1546 1578 1719 1753
odd
25 220 233 630 910 938 972 1546 1669 1702 1719 1734 1753 1999
tree
25 58 64 73 82 91 134 173 175 181 188 201 232 241 256 280 284 300 313 375 398 403 419 431 432 444 455 503 511 515 535 548 572 589 636 643 675 685 719 724 762 771 799 812 830 832 915 929 959 963 967 1037 1072 1076 1076 1086 1174 1191 1202 1203 1240 1278 1296 1329 1368 1409 1410 1430 1444 1456 1481 1506 1508 1577 1624 1632 1637 1653 1705 1712 1727 1728 1734 1752 1778 1788 1831 1832 1876 1877 1878 1904 1908 1912 1939 1945 1947 1953 1986 1989 2043 2043 2056 2074 2091
steps
26 132 684 865 1341 1500 1519 1709 1932
two
26 55 86 104 137 196 295 306 387 393 396 484 485 502 505 585 616 640 691 746 829 844 945 960 982 997 1020 1038 1042 1071 1114 1126 1164 1208 1213 1215 1270 1274 1276 1320 1324 1357 1358 1360 1402 1403 1428 1443 1458 1468 1489 1500 1512 1553 1556 1583 1593 1642 1680 1693 1714 1733 1754 1776 1856 1859 1883 1923 1949 1990 2042 2053 2072 2111
strings
26 66 129 137 163 210 227 305 356 459 502 570 597 601 628 640 644 695 746 791 803 861 920 982 1126 1232 1236 1267 1292 1384 1500 1542 1693 1694 1949 1971 1984 2026 2123
anagram
26 565 1500
ii
26 30 36 112 148 201 205 215 270 274 279 339 376 380 388 397 444 451 475 514 527 532 564 697 723 743 755 772 833 860 914 928 975 1006 1028 1047 1048 1055 1057 1106 1124 1154 1165 1167 1175 1185 1189 1192 1200 1252 1257 1290 1328 1368 1399 1414 1420 1443 1446 1504 1517 1518 1533 1609 1627 1660 1664 1674 1679 1684 1733 1748 1783 1800 1804 1816 1818 1840 1867 1888 1920 1961 1977 1993 2005 2017 2053 2069 2088 2094 2113
good
27 181 227 257 372 374 562 1004 1176 1267 1311 1337 1554 1574 1833 1972 1995 2045 2090
numbers
27 62 68 99 135 170 177 200 213 251 292 393 421 422 437 509 586 590 680 707 734 766 779 789 808 880 910 1071 1094 1097 1114 1131 1149 1210 1238 1304 1346 1359 1386 1408 1470 1540 1570 1608 1733 1845 1922 1923
scramble
28
shortest
29 195 519 520 522 524 598 631 705 796 1043 1050 1355 1485 1651 1869 1924 1967
cycle
29 755 1295 1653 1950
graph
29 109 124 207 330 365 458 576 611 871 909 1455 1485 1515 1648 1950 2115
search
30 76 175 241 256 279 306 431 431 432 762 805 830 881 929 1072 1076 1142 1167 1171 1240 1328 1364 1409 1415 1430 1705 1823 1862 1877
2d
30 182 264 683 868 1142 1327 2042
matrix
30 51 87 139 140 170 218 233 341 384 439 465 564 677 692 707 814 815 1060 1142 1143 1313 1333 1487 1521 1537 1549 1560 1635 1651 1773 1803 1813 1828 1886 1894 1901 1902 1934 1934 1958
accounts
31
merge
31 155 336 489 570 746 758 997 1377 1471 1583 1697 1768 1954 2042
substring
32 105 113 165 237 494 557 592 656 741 761 768 774 788 962 999 1088 1208 1246 1258 1332 1436 1482 1598 1661 1666 1732 1830 1948 2015
vowels
32 360 999 1230 1351 1661
order
32 201 384 668 753 762 913 1088 1619 1632 1831 1878 1908 1915 1925
moves
33 225 283 299 342 626 674 859 1048 1235 1312 1850 2066
palindromic
34 145 212 687 902 1403 1494 1553 1687 1889 1891 2015
subsequences
34 52 84 145 212 463 607 765 878 1100 1228 1248 1494 1553 1556 1833 2017
rearrange
35 364 580 1014 1166 2082 2085 2124
spaces
35 2007
between
35 354 387 505 542 553 693 867 1119 1158 1206 1208 1235 1269 1358 1377 1393 1440 1639 1697 1714 1754 1819 1875 1883 2008 2018 2028
words
35 56 72 126 130 364 405 650 770 807 906 987 1038 1041 1171 1274 1306 1363 1590 1593 1747 1776 1809 1948 1956 2032 2130
unique
36 49 94 212 261 279 417 763 807 950 965 1034 1070 1364 1386 1389 1475 1640 1655 1833 1987 1994 1998 2016
html
37
entity
37
parser
37 1064 1197
sender
38
largest
38 252 294 321 338 465 483 525 595 636 657 735 741 746 750 761 841 851 866 923 953 979 1009 1017 1121 1208 1235 1245 1263 1353 1382 1429 1456 1648 1687 1805 1946 1999 2002 2039
word
38 314 370 466 530 568 568 578 585 620 861 1043 1113 1167 1271 1274 1315 1399 1486 1552 1664 1686 1815 1862 1911 1930 2004
total
39 179 561 625 754 760 1303 1636 1771 1779 1807 2038 2067
importance
39 57
roads
39 721
find
40 49 55 59 62 71 95 96 98 105 139 144 185 187 191 200 203 213 222 226 239 274 298 319 361 369 372 447 448 469 494 558 574 576 599 619 631 642 675 701 823 909 921 927 945 948 958 979 988 999 1007 1022 1025 1042 1046 1070 1105 1176 1182 1183 1199 1201 1238 1243 1251 1253 1267 1268 1277 1283 1294 1338 1353 1370 1375 1394 1396 1406 1424 1430 1456 1461 1487 1499 1601 1641 1646 1677 1682 1698 1714 1725 1728 1732 1745 1747 1769 1780 1792 1816 1830 1853 1873 1889 1893 1909 1912 1928 1942 1990 2018 2020 2040 2043
losers
40
circular
40 345 638 820 927 1212 1405 1869 1917 2070 2132
salary
41 427 427 813 1065 1188 1285
categories
41
jump
42 168 349 652 972 1446 1810 1814 2077 2113
vii
42 751
complete
43 1015 1506 1712 1763 2107
components
43 1145 1305
as
44 44 568 861 884 1215
far
44
land
44 1596
possible
44 117 359 1187 1201 1580 1703 1860
restore
46 395
ip
46 899 1479
addresses
46 417
satisfiability
47
equality
47
equations
47
skiplist
48
n
49 66 315 513 734 971 1002 1242 1326 1474 1603 1827 1975
sum
49 62 88 97 111 123 124 125 135 140 148 152 186 196 221 224 232 262 264 268 271 290 301 305 413 438 439 442 477 487 497 502 589 596 600 603 607 616 627 636 659 672 677 691 712 745 748 760 779 808 844 854 867 867 880 918 934 981 983 986 994 1001 1009 1024 1028 1042 1076 1077 1078 1094 1165 1181 1182 1206 1207 1213 1225 1229 1236 1270 1320 1322 1329 1333 1334 1353 1359 1362 1400 1408 1412 1422 1426 1434 1452 1483 1487 1488 1509 1532 1559 1562 1576 1589 1594 1600 1604 1616 1620 1637 1641 1645 1650 1669 1698 1701 1702 1710 1715 1720 1742 1744 1781 1794 1828 1837 1856 1865 1873 1885 1907 1910 1924 1940 1978 2002 2013 2046 2053 2070 2080 2089 2089 2092 2116 2121
up
49 841 1756
maximal
50 916 989 1350
square
50 90 135 186 393 413 461 504 1245 1263 1316 1347 1659
reshape
51
non-decreasing
52 1341 1688
exclusive
53
time
53 115 150 253 343 370 453 471 472 532 580 682 715 716 795 883 889 915 946 966 1002 1067 1089 1101 1150 1255 1323 1366 1382 1442 1454 1541 1691 1723 1727 1763 1772 2001 2044 2071 2107 2126
functions
53
online
54 1826 2059
stock
54 150 471 532 682 827 1323 1423 1723
span
54
closest
55 95 98 256 558 577 980 1023 1148 1557 1570 1759 1780 1794 1907
node
55 134 771 828 1119 1202 1321 1336 1515 1605 1684 1730 1822 1876 1959 2036 2043 2087 2120
given
55 56 83 137 139 261 361 445 494 588 607 668 679 715 734 835 1025 1201 1382 1395 1424 1431 1641 1661 1692 1707 1978
nodes
55 181 216 256 278 354 365 406 411 559 635 719 732 777 840 871 998 1036 1050 1078 1179 1506 1578 1697 1834 1860 1953 2018 2045 2062 2116
counting
56 1066
prefix
56 76 305 314 568 783 823 842 1134 1623 1990 2082 2131
employee
57 950 1331 1398 1432
depth
58 455 548 1126 1765
n-ary
58 503 1481 1831
original
59 137 378 667 823
doubled
59 730
random
60 119 176 1060 1529 1663 1791 2120
point
60 1529 1561 1677 1689
non-overlapping
60 295 633 659 1042 1450 1600 1856 2049 2055
rectangles
60 1689 1881
prime
61 1138 1369 1527 1570 1620 1690 1969 1983
diagonal
61 127 475 1333
fibonacci
62 639 678 857 1222
whose
62 677 744 885
is
62 111 153 196 393 450 479 551 611 677 744 768 891 1391 1441 1445 1561 1820 1886 1941 2004 2053 2090 2131
sufficient
63
team
63 1817 1905
symmetric
64
stone
65 70 582 743 751 1281 1310 1314 1721 1735 2005
ix
65
k-th
66 753 904 1853 1969
lexicographical
66 437 753 1088
happy
66 689 783 1484
length
66 84 96 186 235 617 944 1034 1179 1222 1271 1353 1390 1403 1522 1532 1553 1653 1657 1661 1666 1669 1966
consecutive
67 214 251 292 319 421 608 648 697 706 878 1013 1026 1078 1094 1132 1231 1491 1530 1608 1641 1756 1799 1838
bit
67 655 919 1928
flips
67 183 655 1178 1934 2119
function
68 141 926 1074 1135 1478 1716 1780 2093
calls
68 676
target
68 154 225 283 336 342 358 469 659 668 841 1007 1042 1069 1292 1345 1412 1604 1707 1780 1869 1907 1910 2028 2124
letter
69 130 275 353 1007 1038 1153 1418 1711 1767 2048
tile
69
possibilities
69
iv
70 196 682 894 1217 1803 1814 1837 1929 2033 2134
pivot
71 83 1893
index
71 171 176 445 446 1283 1320 1499 1708
reverse
72 118 314 391 409 514 559 769 852 1041 1117 1158 1175 1179 1190 1230 1417 1668 1720 1734 1812
product
73 128 228 294 393 509 588 731 944 1186 1313 1358 1403 1452 1460 1486 1553 1556 1642 1690 1755 1758 1774 1845 1872 2010 2111
splitted
73
binary
73 82 87 91 175 181 201 232 241 256 258 279 280 285 300 306 341 359 375 398 403 412 419 431 432 444 450 455 511 515 548 580 636 643 684 685 719 724 771 799 802 808 814 820 830 832 856 881 886 929 959 997 1010 1070 1072 1076 1086 1134 1138 1163 1174 1178 1191 1202 1203 1215 1240 1242 1278 1287 1296 1329 1334 1364 1368 1409 1410 1430 1438 1444 1508 1534 1577 1608 1624 1632 1637 1649 1651 1705 1712 1727 1732 1734 1752 1778 1785 1832 1877 1878 1904 1908 1912 1928 1934 1939 1945 1947 1953 1986 1989 2043 2047 2074 2079 2091 2102
permutations
74 486 2094
for
74 237 271 276 320 347 502 546 551 736 863 1025 1144 1246 1363 1382 1398 1547 1595 1618 1673 1727 1739 1949
di
74 733 1416
sequence
74 332 519 604 678 819 857 1730 1799 1985
absolute
75 224 563 606 1214 1344 1483 1575 1629
value
75 171 234 445 480 488 494 500 529 742 784 789 1190 1235 1260 1286 1305 1395 1397 1456 1620 1648 1692 1714 1715 1728 1736 1780 1957 1970 2040
suffix
76 183 1030
parse
77
lisp
77
sqrt(x)
78
sales
79 1613 1755 2010
person
79 686 1148
rotation
80 1901
highest
80 693 802 813 828 998 1065 1285 1425 1437
score
80 225 290 309 344 369 377 478 583 802 828 987 989 998 1004 1090 1227 1266 1299 1477 1525 1549 1601 1726 1730 1745 1788 1883 1899 1975 2072 2082
decode
81 661 1239 1250 1867 1882
ways
81 166 211 227 304 393 408 499 569 624 699 700 865 964 971 1081 1149 1166 1545 1554 1707 1709 1867 1981 2009 2011 2058
diameter
82
partition
83 262 271 551 600 681 699 737 844 981 1220 1280 1445 1606 1676
according
83 698
maximize
84 501 626 765 898 973 1102 1148 1190 1324 1371 1975 2021 2082 2121
palindrome
84 95 96 132 165 294 339 507 522 573 628 785 821 853 982 1035 1038 1173 1252 1662 1850 1864 1983 2024 2049
primes
85
set
86 734 1138 1150 1584 1890 1894
intersection
86 875 1020 1443 1458
size
86 338 460 612 642 835 893 1024 1534 1550 1617 2093
at
86 341 408 445 446 574 588 615 715 734 735 946 948 1010 1390 1421 1598 1599 1676 1703 1924 1932
least
86 615 735 1390 1421 1598 1599 1896 1924 2016
reconstruct
87 378 1273
2-row
87
alternating
88 368 524 672 1163 1178 2047 2102
digit
88 488 488 734 745 779 867 895 898 953 1297 1400 1489 1701 1805 1980
twitter
89
determine
90 1680 1681 1693 1901
color
90 942 1385 1648
chessboard
90 917 1373 1913
cousins
91 1368
path
92 109 148 281 333 341 381 394 438 524 576 670 705 712 721 812 1019 1028 1050 1214 1296 1441 1485 1599 1637 1650 1651 1782 1813 1883 1937 1941 1967 1986 2013 2051
grid
92 182 245 258 326 334 355 392 407 521 674 831 868 924 971 1018 1030 1243 1367 1371 1441 1442 1599 1621 1951 1967 1976
masking
93
personal
93
information
93 169
making
94 1466
file
94 1115 1214 1251
names
94 473
fixed
96 1672
squared
97
difference
97 162 164 448 563 606 630 679 693 844 867 889 895 945 988 1119 1160 1206 1235 1358 1445 1483 1575 1581 1629 1639 1770 1819 2028
ascending
99 986
sentence
99 364 568 891 952 1585 1590 2122 2132
validate
100 719 899 929
stack
100 192 584 957 1107 1737
sequences
100 247 550 1195 1387
first
101 239 579 933 1153 1499 1889 1936 1998 2087
completely
101
painted
101
row
101 139 188 363 500 822 1346 1448 1456 1618 1639 1667
or
101 122 186 223 612 623 822 1215 1262 1344 1352 1370 1657 1677 1722 1748 1979 2079 2119
column
101 139 713 822 846 1346 1448 1639
students
102 259 402 518 715 1090 1299 1848
unable
102
eat
102 1326
lunch
102
flatten
103 194 1061 1904
deeply
103
nested
103 194 1670
out
104 146 423
three
104 111 122 326 407 554 600 615 789 848 1026 1056 1235 1571 1617 1641 1671 1845 1946 2080
knight
106 1003 1373
tour
106
configuration
106
hamming
107 179
distance
107 154 179 266 354 384 542 585 796 855 948 1148 1393 1636 1714 1853 1869 1875 1953
super
108 1379 1544 1565 1696
palindromes
108
quality
109 969 1897
insertion
110 132 1397
sort
110 198 220 419 495 567 632 647 720 768 1139 1143 1216 1286 1299 1304 1435 1563 1783 1804 1933 2014 2128
list
110 119 194 244 278 397 409 511 514 528 610 647 744 744 755 872 1061 1072 1078 1141 1145 1173 1280 1295 1321 1342 1413 1438 1605 1645 1719 1750 1822 1904 2027 2036 2037 2120
powers
111 228
subsequence
112 152 153 353 434 478 596 627 665 672 679 687 709 757 869 1027 1046 1055 1193 1200 1221 1222 1353 1447 1525 1531 1619 1740 1794 1982 2079 2083
xor
113 267 276 468 616 666 823 1071 1146 1162 1225 1569 1859 1873 1887 2064 2133
queries
113 228 256 267 273 487 543 563 1104 1307 1408 1577 1621 1653 1897
implement
114 236 443 584 1348
rand10()
114
rand7()
114
amount
115 517 1067 1727
collect
115 572 915 1806
garbage
115
lattice
116
points
116 143 387 387 429 453 555 700 990 1023 1307 1428 1516 1621 1706 1870 2018
inside
116 1212 1307
circle
116 1224 1307 1520 1529 1535
earliest
117 613
day
117 310 1361 1729 1936
full
117 359 545 1611 1955
bloom
117 1955
copy
119
pointer
119
fair
120 1713 2012 2058
group
121 569 595 642 835 835 1633 1679 1973
anagrams
121 226 447 1309
alert
122
same
122 292 485 690 822 865 942 1269 1305 1385 1439 1677 1834 2011 2056
key-card
122
more
122 402 491 1657 1968
times
122 450 615 1531 1657 2076
hour
122
period
122 1342
distances
123 589 1269
star
124 909
combination
125 750 863 1165 1837 2092
print
126 756 913 961 1753 2091
vertically
126
traverse
127 475
increments
128 358
apply
129 315 725 947 1049
bitwise
129 586 622 666 688 750 1262 1464 1873 2133
obtained
130 1509 1901
adding
130 512 1114 2007
rotate
131 433 1135 1241 2037
image
131 238 1647 1871
falling
133 148 712 1118
query
136 164 264 276 347 994 1796 1885
kth
136 636 657 979 1017 1044 1198 1299 1487 1505 1537 1587 1602 1603 1876 1928 1988 2111
trimmed
136
exists
137 576 1429
encoded
137 610
delivering
138
boxes
138 302 485 1675
storage
138
ports
138
sums
139 162 361 407 1207 1345 1372 1743 1769
create
141 202 668 758 1079 1305 1939
hello
141
world
141
subarrays
142 257 282 358 659 688 897 995 1196 1219 1262 1284 1334 1360 1401 1477 1526 1532 1548 1600 1669 1672 1698 1856 2117
bounded
142 445 1520
right
144 300 452 1336 1684 1781 2022
interval
144 244 352 910 1796 1839
last
146 239 310 509 686 743 888 1088 1271 1281 2087
moment
146
before
146 1087 1511
ants
146
fall
146
plank
146
smaller
147 177 1470
greater
147 173 539 612 717 750 928 1007 1076 1217 1352 1376 1433 1822
parentheses
149 166 269 335 512 593 605 663 1126 1158 1349 1765 1787 1899 1916 1941
best
150 295 471 506 532 682 736 954 1323 1723 1905
buy
150 471 532 624 682 716 1323 1723
sell
150 471 532 682 1099 1323 1723
iii
150 401 438 523 582 621 717 738 801 862 941 1013 1035 1041 1084 1129 1613 1640 1685 1902 2010 2077 2092 2122
race
151 1772
car
151 1524 1977 2101
limited
152 1966
sorted
155 170 175 195 224 239 298 322 397 479 528 738 860 1072 1079 1091 1159 1207 1328 1415 1487 1496 1512 1533 1537 1542 1583 1731 1816 1935 1954 1961 1968 2053 2111
not
156 277 744 858
neighbors
156 948 1385
4sum
157 1047
building
158 1931 2023
h2o
158
h-index
160 1154
seat
161 1093 1678 2066
reservation
161
removal
162 1577 1631
vowel
163 425 1542 1927 1984
genetic
164 234 797
can
165 219 302 310 405 430 530 544 560 581 608 803 819 859 900 1172 1349 1414 1516 1543 1547 1682 1747 1770 1836 1859 1901 2023
different
166 326 463 670 1276 1494 1526 1572 2009
add
166 188 269 459 703 841 886 970 1171 1357 1374 1578 1733 1842 1923 1978
play
167 894
analysis
167 894 1493 1613 1755 2010
frog
168 404 2113
employees
169 174 184 491 885 2071
missing
169 234 933 1170 1199 1502 1988
negative
170 786 1313 1429
deletions
172 764 837 965 992
beautiful
172 282 347 481 833 836 932 1204 1652 2060
convert
173 175 299 442 476 655 683 691 809 859 883 1072 1327 1438 1934 2104 2114
bst
173 196 232 354 758 1426 1575 1602 1959 2000 2011
be
174 195 219 530 1172 1349 1414 1543 1727 1747 1901
invited
174
meeting
174 801 946
pick
176 1663 1756 1791
how
177
many
177
than
177 186 402 491 539 612 750 1007 1344 1352 1477 1710 1758 1793 1968 2079
current
177
unequal
178 2038
triplets
178 336 562 1016 1859 1972
trapping
180 1818
rain
180 1818
water
180 293 718 1054 1080 1566 1818 2100
shift
182
project
184
mountain
185 931 1011 1708 1784
side
186 300 452
less
186 1344 1477 1758 2079
threshold
186 458 539 612 948 1424
replace
187 452 510 547 766 950 1231 1246 1406 1942 2032
flood
189 1168
fill
189 1067
naming
190
company
190 885
lcp
191
frequency
192 198 210 230 887 1104 1563 1644 1711 1815 2029
capacity
193 1611
ship
193
packages
193
within
193 1045 1425 1451 1776 2127
d
193
days
193 372 747 1031 1326 1673 1754 1827 2096
iterator
194 863 1218 1409 2125
subarray
195 267 366 539 622 748 838 896 944 986 1004 1024 1116 1190 1207 1229 1291 1344 1355 1362 1522 1567 1576 1665 1743 1758 1774 1865 1924 1963 2059 2070
removed
195 822
-
196 264 303 994 1200 1885 2053
input
196 2053
great
197 749
characters
198 214 261 434 510 554 644 670 757 798 850 938 962 1034 1103 1208 1231 1394 1592 1598 1617 1747 1944 2035 2118 2124
bad
199 579
disappeared
200
level
201 419 1329 1632 1831 1908
traversal
201 241 280 313 317 375 503 832 1086 1481 1624 1632 1752 1831 1878 1908 1945
k-beauty
203
redundant
204 1518
connection
204 1518
majority
205 1582 2059
utf-8
206
validation
206
degree
207 289
connected
207 1265
trio
207
hashset
208
satisfying
209
inequality
209
compare
210 939 1540
character
210 237 420 774 796 965 1120 1998 2022
place
211 560 865
houses
211 1276
length-3
212
lonely
213
basic
215 1863 2134
calculator
215 325 1485 1863 2134
reachable
216 365 1561
restrictions
216
jumps
217 2003
reach
217 225 342 411 795 1505 1631 1695 1709 2023 2126
home
217
toeplitz
218
events
219 295 1414 1680
that
219 430 607 662 789 841 861 938 1120 1172 1253 1412 1414 1429 1432 1445 1543 1641 1677 1747 1859 1942 2043 2075
attended
219 646 1414
indices
220 469 599 1176 1277
independently
220
map
221 1437
xor-beauty
222
without
223 962 1491 1530
aaa
223
bbb
223
differences
224 292 1781
resultant
226
removing
226 260 344 617 673 818 1318
build
227 1032 1107 1560 1682 1981
distribute
229 1480 1861 1964 1989
money
229 1511
children
229 1476 1562
final
231 742 1957
prices
231 1049
discount
231 315 1049 2050
shop
231 1595
cells
233 384 521 561 924 1827 1858
values
233 252 465 608 943 1037 1164 1393 1676 1838 2042
each
234 276 347 500 574 947 1042 1158 1336 1363 1389 1398 1456 1579 1684 1689 1796 2009 2022
subtree
234 777 963 1559 1577 2062
pair
235 954 1158 1393 1589 1853 2089
queue
236 328 345 614 925 1962
stacks
236 1760
swap
237 406 803 843 977 1188 1492 1713
repeated
237 351 788 1195 1210 1522 1531 1657
flipping
238 1549 1801
position
239 404 574 690 736 805 1709
push
240
dominoes
240
construct
241 284 316 628 733 832 936 1345 1508 1624 1752
preorder
241 313 375 685 832 1086 1481 1624
lines
242 922 1513
represent
242
line
242 951 1450 1820 1870
chart
242
max
243 377 480 542 794 860 1013 1132 1159 1475 1556 1710 1770 1870 1903 2073 2089 2115
increase
243
keep
243 1164 2115
skyline
243 1298
intersections
244
magic
245 673 1245 1348
counter
246 1888
hidden
247
filter
248 855
initial
249
energy
249
finish
249 297 1772
music
250
playlists
250
divide
251 263 318 460 499 829 840 1112 1224 2075
sets
251 1450
labels
252 737
speed
253
arrive
253 408 946
power
254 307 1286 1468 1571 1643
heroes
254
sequential
255 602
digits
255 329 378 428 442 510 745 841 912 970 1210 1238 1382 1386 1452 1703 1918 2046 2075 2089
arrange
258
reward
259
top
259 752 906 1053 1671
stars
260
substrings
261 360 425 554 617 633 861 1062 1120 1158 1242 1287 1403 1459 1475 1616 1617 1676 1824 1855 1891 1987 2049 2127
subset
262 361 744 1121 1225
into
263 318 432 460 590 600 683 840 844 857 878 1112 1220 1327 1475 1573 1676 1838
immutable
264 994
hand
265 506
straights
265
edit
266
hourglass
268
brace
270
expansion
270
self
272 680 1470 1872
crossing
272 381
permutation
273 787 820 977 1032 1058 1351 1509 1841 1985 2048
key
273 864 1136 2025
peak
274 958 1437 1708
percentage
275 646 1897
customer
277 483 587 1375
who
277 615 1209 1808 1915
visited
277 924 1917
but
277
did
277
any
277 496 568 1509
transactions
277 508 1511 2095
linked
278 409 511 514 755 872 1020 1061 1078 1141 1145 1173 1295 1321 1377 1413 1438 1645 1719 1750 1822 1904 2036 2120
trees
279 285 306 320 359 482 708 856 997 1364
inorder
280 832 1752
univalue
281
move
283 591 690 1391 1536 1579 1913
box
283 698 1467 1579
their
283 491 1299
location
283
quad
284
flip
285 341 375 1060 1144 1211
equivalent
285 534 640 960 1762
minimize
286 396 512 625 844 1237 1290 1319 1581 1589 1887 2028 2067
deviation
286
surface
287
3d
287 776
shapes
287 776
display
288
table
288 473 1014 1044 1279
food
288 464 1517 1717
orders
288 315 483 1156
restaurant
288 2063
compatibility
290
intervals
291 884 1068 1112 1220 1440 1768 2055
pacific
293
atlantic
293
flow
293
tiling
296 1040
rectangle
296 316 416 527 851 916 1098 1535 1674 1710 1749 2112
fewest
296
work
297 566 1547
sessions
297
rotated
298 479 912 1328 1415 1816
view
300
p
301
candies
302 1476 1480 1738 1861 2050
you
302 310 405 544 545 608 1516 1547 1682 1770 1836 1936 2023
get
302 407 583 648 705 1378 1380 1715 1770 1836 2011 2127
insert
303 432 654 805 1839
delete
303 500 502 635 654 671 738 1021 1103 1301 1321 1496 1692 1949 1959 1961 2036
getrandom
303 654
o(1)
303 654
duplicates
303 397 528 1420 1461 1533 1731 2031
allowed
303
split
304 424 552 597 729 857 878 982 1009 1081 1141 1161 1422 1439 1475 1554
scores
305 693 1073 1236
reordered
307
2
307 513 2103
lemonade
308
change
308 651 1006 1957
triangulation
309
where
310 393 613 1682 1936
still
310
cross
310 1691
grumpy
311
bookstore
311
owner
311
latest
312 613 642 1101
login
312
2020
312
recover
313 667 1705
every
315 1346
snail
317
players
318 613 1300 1370
teams
318 348 399
skill
318
data
319 884 890 930 1171 1646
stream
319 850 884 901 1017 1646
cut
320 641 1634
off
320
golf
320
event
320 826
triangle
321 923 935 1192 1205 1264 1523
difficulty
323
job
323 658
schedule
323 523 702 772 2033
nesting
324 1126 1765
broken
325
painting
326 1892
colors
326 524 1276 1933
entering
327
competition
327 331 555
front
328
middle
328 1283 1321 1750
back
328
modify
330
edge
330 828 1966
weights
330
hours
331
training
331
win
331 900 1324
stamping
332 1951
alphabet
333 1802
board
333 1097 2106
illumination
334
form
336 358 841 1219 1489 1707 1859 1978
triplet
336 1740
gray
337
code
337 807
component
338
common
338 598 629 869 903 1092 1105 1240 1394 1623 1694 1809 1911 1947 1970 1990
factor
338 1603
partitioning
339 590 853 1035
shopping
340
offers
340
disconnect
341 1031
most
341 347 526 566 734 812 822 984 1010 1046 1136 1209 1253 1559 1566 1676 1703 1911 1917 1932 2029
rotations
342 1618
promise
343
limit
343 810 936 1161 1344 2044
stones
344 489 625 697 706 727 822
patients
346
condition
346 607
item
347
v
349 1310
k-diff
350
match
351 375 1332 1416
well-performing
352
k-length
353
occurrences
353 656 763 1436 1612 2035
fish
355
similar
356 1155 1169 1471
browser
357
history
357
duplicate
362 435 921 1021 1083 1084 1157 1251 1258 1301 1396 2088
emails
362 1301
keyboard
363 2103
subdivided
365
subsets
367 466 481 723 981 1059 1337 1795
prefixes
369 1431
type
370 405 585
typewriter
370
tag
371
validator
371
rob
372
bank
372 800 1106 1849
ambiguous
373
coordinates
373
people
374 495 619 744 792 835 925 1625 1861
based
374 1089 1161
statements
374
memoize
376 1700
english
378 1418 1956
integer
379 391 691 714 786 786 836 841 979 1012 1025 1234 1374 1427 1429 1438 1452 1502 1591 1703 1718 1770 1792 1802 1893 1926 1956 2020
break
379 578 581 785 1399
house
380 793 941 1685 1929
robber
380 793 1685 1929
throne
382
inheritance
382
elimination
383 1967
pow(x,
385
n)
385
increment
386 1655 1737
submatrices
386 461 1412 2030
widest
387
containing
387 472 554 999 1689
cherry
388 1388
pickup
388 1325 1388
formation
389
through
389 620 1079
concatenation
389 1292 1404 1608 1948 2040
senior
390
citizens
390
gold
394
arrays
396 616 844 854 875 945 960 993 1169 1360 1443 1458 1489 1512 1714 1859 1990 2038 2042 2081 2111
cameras
398
rank
399 467 1073 1350 1773 1914
votes
399
burst
400 710
balloons
400 710 2065
single
401 451 758 824 1381 1935
classes
402
5
402 1134 1421
univalued
403
t
404
seconds
404
biggest
407 824
rhombus
407
destination
408 541 795 2126
covering
410 1293
lists
410 1020 1320 1377 1583 1954
vertices
411
triples
413 1464
object
414
instance
414
class
414
x
415 759 1352 1352 1677
kind
415
deck
415
cards
415 1516 1756 1925
perfect
416 1316 1490 1992
email
417
parking
418
system
418 1021 1251 1449 1615 1717 1823 1849 1960
repeating
420 774 962 1231 1482 1598 1964
replacement
420 1332 1591
finding
422 908 1488 1503
3-digit
422
boundary
423
soup
426
servings
426
excluding
427
monotone
428 1211
reaching
429
queens
430
attack
430
king
430
append
434 1594
letters
435 533 914 987 1269 1668
factorial
436 1766 2093
trailing
436 1937
zeroes
436 1419 1536 1894 2093
arranging
440
coins
440 529 572 1836 1989
hashmap
441
trie
443
(prefix
443
tree)
443
decoded
446
distinct
448 485 550 757 798 817 1097 1100 1417 1459 1532 1587 1617 1690 2017
getting
449
fresh
449
donuts
449
prefix-aligned
450
greatest
452 500 1105 1418 1694 1738 2080
visiting
453 1050
robot
454 756 831 1244 1504 1520
return
454 635
origin
454 1023
sliding
456 896 911 1880
window
456 592 1880
recyclable
457
low
457
fat
457
products
457 496 729 1014 1342 1633 1808
connectivity
458
ones
461 1010 1013 1132 1419 1491 1639 1667 1793 2030
complex
462
multiplication
462 1044 1726
gcds
463
buckets
464
feed
464
hamsters
464
local
465 849
transform
467 917 947 1773
segments
468 1123 1324 1450 1793
sorting
469 726 1585
gain/loss
470
cars
472 966
illegal
472
goods
472
fix
473
dining
474
philosophers
474
base
476 1012 1311 2034 2046
-2
476
segment
477 1010
removals
477 1784 1788 2016
equation
480 873 1025
leaf-similar
482
placing
483
scheduling
484 658
probability
485 1093 1373 1782
having
485
balls
485 505 810 1099 1579
handling
487
update
487
has
488 1010 1209 1677
chunk
490
earning
491
managers
491 1421
contiguous
492 1793
destroying
493
asteroids
493
hash
494
minimized
496
distributed
496
store
496 1089
thousand
498
separator
498
long
499 2068
corridor
499
divisors
501 660 848 1759
ascii
502
postorder
503 1624 1752 1945
magnetic
505
force
505
poker
506
chunked
507
decomposition
507
monthly
508
result
512 898
egg
513 1544
drop
513 1544
eggs
513
floors
513 1530 1530
width
515 976 1243
24
516
calculate
517 664 1255 1701
paid
517
taxes
517
taking
518
exam
518 1622 2021
impossible
519 1722
rolls
519 1604
bridge
520 1691
unguarded
521
course
523 574 702 772 2033
popular
526
video
526 1997
creator
526
piles
529
placed
530
crossword
530
distant
531
barcodes
531
shifting
533 914
lexicographically
534 573 756 932 2054
coprimes
535
plus
536 2039
trips
537 2067 2107
users
537 646 1294 1503
multiple
538 875 1345 1946
varying
539
sub-folders
540
filesystem
540
subtrees
542 921
cities
542 1883
subrectangle
543
assign
544 1764
rounds
545 613 1015
have
545 938 1680 1936 2035
played
545
available
546
captures
546
rook
546
freedom
549
trail
549
roll
550 1137
there
551 1441 1941
positive
552 786 933 944 1025 1429 1715 1988
plates
553
candles
553
archery
555
pizza
556 964
3n
556
slices
556 1200 1607
k-group
559
flowers
560 1955
colored
561 1099 1385
spiral
564 1803 1902 1958
profit
566 658 2099
assigning
566
occurs
568
overlapping
569 1535
ranges
569 1362 1656 1984
alternately
570 961
rings
571
rods
571
obstacle
574 1631
sleep
575
room
577 1622
version
579 1540
needed
580 716 2071
another
581 744 771 963 1219
queues
584
fingers
585
richest
587 696
wealth
587
price
588 855 1206 1423 1425 1610 2067
date
588 1275 1633
deci-binary
590
pieces
591 811 1385
obtain
591 1516 1919
insertions
593
balance
593 830
fraction
594 1259 1969
addition
594 836 2069
subtraction
594 1369
constrained
596
balanced
597 837 1111 1246 1376 1732 1778
supersequence
598
k-distant
599
parts
600 1056 1141
destroy
602
targets
602
running
603 1002
1d
603 1327
fancy
604 1103
satisfy
607
enclaves
609
decompress
610
run-length
610
bipartite?
611
sub-arrays
612 1042 1702
compete
613
reconstruction
614
height
614 708 740 839 1577 1931
actors
615
directors
615
cooperated
615
bitset
618
secret
619 792
dictionary
620 1348 1707 1776 1851 1930
deleting
620 838
parallel
621 1840
courses
621 1840
guess
623 1552 1748
higher
623 1748
lower
623 1418 1463 1748
pens
624
pencils
624
topmost
626
widths
627
factors
629 856 1620 1690
superstring
631
parity
632 1783 1805
article
634
views
634
forest
635 1996
loop
638
whether
640 1901
almost
640
regions
641 816
slashes
641
m
642 1657 2096
costs
643
redistribute
644
predict
645
winner
645 927 1183 1681 1725
contest
646
recolors
648
black
648
blocks
648
champagne
649
tower
649
short
650
encoding
650
coin
651 1006
vi
652 1735
bulls
653
cows
653
equals
659 1229 1274 1562
four
660 745 1643
message
661 1161
communicate
662
generate
663 678 938 1529
bonus
664 1331
ideal
665 2081
pairings
666
cracking
669
safe
669 701
earn
671 700
beans
673
critical
675 1821 2018
pseudo-critical
675
edges
675 1578 2115
spanning
675
recent
676
arithmetic
679 819 834 1016 1200 1284 1607 1982
dividing
680
conditions
683 1560
reduce
684 714 759 1519 1550 1775
representation
684 820 1138
verify
685
serialization
685
fit
686
bus
686 1101 1302 1875
ors
688
chips
690
no-zero
691
weakest
692
lowest
693 903 1240 1947
road
694
encrypt
695
decrypt
695 1802
take
696 2022
gifts
696
pile
696
moving
697 706
until
697 706
categorize
698
criteria
698
eventual
701
states
701
operators
703 1896
strong
704 1993
password
704 1993
checker
704 740 1993
keys
705 1586 2103
lucky
707 1792
harmonious
709
arrows
710
escape
711 1354 1866
spreading
711
fire
711
excel
713 846 1858
sheet
713 846 1858
0
714
doing
715
homework
715
next
717 928 1058 1217 1336 1376 1433 1684 1822
taps
718
open
718 1868
garden
718 1806
gcd
720 995
eliminate
722
monsters
722
evaluate
724 1117 1498 2110
pancake
726
jewels
727
decreasing
728 1761
coprime
729
sign
731 2039 2085
twice
735 1153
others
735
service
736
centre
736
patching
739
mutating
741
variable
742
performing
742 1726
weight
743 1281 1663
favorite
744
companies
744
splitting
745 1266 1838
spent
747
together
747 1679
continuous
748 1193 1344 1355 1539 1666
partitions
749 2060
frequent
752 906 984 1136 1559 2029
beauty
754 896 918 1616
gardens
754
bsts
758
strength
760
wizards
760
variance
761
non-coprime
766
solving
767 1090
questions
767
brainpower
767
transformable
768
bits
769 1066 1138 1163 1435 1546 2061
concatenated
770 1034
step-by-step
771
directions
771
daily
773 1051
leads
773
partners
773
russian
775
doll
775
envelopes
775
projection
776
investments
778
2016
778
units
779
goat
780
latin
780
empty
781
unoccupied
782
chair
782
erasure
784
pattern
788 1113 1184 1406 1657
movie
790 1960
rating
790 1717
isomorphic
791
aware
792
k-sum
794 1338
second
795 953 1202 1285
mutation
797
coloring
799 1052
laser
800
beams
800
rooms
801 1586 1936 1981
divisions
802
zigzag
804 1296 1632 1986 2019
conversion
804
incremental
806
memory
806 1704
leak
806
morse
807
root
808 880 1036 1562 1860
leaf
808 845 880 1036 1037 2045
temperature
809 1555
selling
811 1610
wood
811
profitable
812 1789
department
813 1279 1398 1671
positions
814 2078
pyramid
815
transition
815
surrounded
816
averages
817 1116 2002
mean
818
some
818 865
progression
819
allocate
825
mailboxes
825
emitter
826
smooth
827
descent
827
periods
827
homecoming
831
arrangement
833 1204 1538
verbal
834
puzzle
834 911 1363
they
835
belong
835
1's
838 1390 1679
stacking
839
cuboids
839
uploaded
842
starting
845
title
846 1757
texts
847
global
849
inversions
849
histogram
851
restaurants
855
vegan-friendly,
855
boring
858
movies
858
chunks
860 1159
appear
861 1153
ugly
862 1365 1379 1800
slowest
864
stay
865
3-same-digit
866
cycles
868
dota2
870
senate
870
unreachable
871
undirected
871
solve
873
restricted
874 2087
friend
874 1209
requests
874 968 1209 1253
atm
876
machine
876 1366
island
877 1031 1466 2073
perimeter
877 923 1806
ipo
879
module
882
disjoint
884 1220
left
885 1181 1728 1781 2022
tracker
887 1914
prototype
888
log
890 1614
files
890
pangram
891
3sum
892 1557 1965
multiplicity
892
n-repeated
893
2n
893
remapping
895
address
899 1479
ordered
901 1342
ancestor
903 1119 1240 1876 1947
deepest
903 983 2062
leaves
903 983 1181 1692
symbol
904
grammar
904
atoms
905
frogs
907
croaking
907
mk
908
center
909
apples
915 1806
special-equivalent
920
uncrossed
922
visible
925 990 1166
call
926 1478
custom
926 1216
context
926
o`one
930
structure
930 1171
repeat
936
brick
937
wall
937
counts
938 999 1644
backspace
939
parenthesis
940
paint
941 971
strongest
943
skips
946
over
947
repetitions
949
id
950
identifier
950
tenth
951
truncate
952
sightseeing
954
quadruplets
956 1879
min
957 1706 1903 1991
pruning
959
foobar
961
cutting
964
frequencies
965
repair
966
achievable
968
transfer
968
coordinate
969 1677
network
969 1265 1350 1454 1821 2001

971
3
971 1600
greatness
973
rearranging
974 1761
fruits
974 1932
student
975 1288 1942
attendance
975 1288
record
975 1288
ramp
976
previous
977
matches
978
tournament
978
dessert
980
reducing
985
dishes
985
formed
987 1747
applying
989 2054
ice
991
cream
991
bars
991
squareful
993
comments
996
statistics
1000
large
1000 1354 1466 2078
sample
1000
k-concatenation
1001
computers
1002
dialer
1003
nth
1005 1065 1605 1928 1980
magical
1005 1152
put
1008
marbles
1008
bags
1008 1611
complement
1012 1900
10
1012
uni-value
1018
effort
1019
folders
1021
farmland
1022
solution
1025
odds
1026
wiggle
1027 1804
fizz
1029 1130
buzz
1029 1130
multithreaded
1029
execution
1030
instructions
1030 1079 1198
staying
1030
n-queens
1033 1189
insufficient
1036
concatenating
1038 1219
domino
1040 1618 1762
tromino
1040
completing
1043
cheapest
1045
flights
1045
stops
1045 1226 1875
competitive
1046
temperatures
1051
border
1052
travellers
1053
jug
1054
problem
1054 1298
uncommon
1055 1447 1593
bulb
1057 1340
switcher
1057 1340
bitwise-or
1059
multilevel
1061
doubly
1061
only
1062 1668
1s
1062
task
1063 1432 1627
scheduler
1063 1627
goal
1064
interpretation
1064
cups
1067
source
1069
composition
1074
strange
1075 1124
printer
1075 1124
halve
1077
swim
1080
rising
1080 1555
asteroid
1082
collision
1082
contains
1083 1084 1346 1534 2088
successful
1085
spells
1085
potions
1085
a's
1087
appears
1087
b's
1087
key-value
1089
math
1090
subpath
1092
airplane
1093
assignment
1093
sudoku
1095 1453
sub
1096
islands
1096 1247 1835
diminishing-valued
1099
catch
1101
powered
1102
divisor
1105 1339 1424 1694
account
1106
summary
1106 1656
third
1108
watering
1109 1257
plants
1109 1257
combinations
1110 1767 1913
negabinary
1114
transpose
1115 1521
radius
1116
polish
1117
notation
1117
bricks
1118
when
1118 2001
hit
1118
differ
1120
life
1122
gap
1125 1785
mirror
1127
reflection
1127
filling
1128
bookcase
1128
shelves
1128
my
1129 1660 2105
calendar
1129 1660 2105
phone
1131 1767 1786
following
1136
dice
1137 1604
simulation
1137 1244 1504
replacements
1139
teemo
1140
attacking
1140
diagonally
1143
provinces
1147
separate
1149 1918
cooking
1150
text
1151 1798
editor
1151
backlog
1156
zeros
1157 1639 1697 1793 1937
chalkboard
1162
multiplying
1164
found
1164 2130
sticks
1166 1166
avoid
1168 1231
artifacts
1172
extracted
1172
completeness
1174
incompatibility
1177
triangular
1182
132
1184
compression
1185 1597
non-zero
1186
bipartition
1187
serialize
1191 2000
deserialize
1191 2000
pascal's
1192 1264
poor
1194
pigs
1194
dna
1195
mini
1197
observations
1199
recipes
1201
supplies
1201
ii:
1209
friends
1209 1256 1380 1628
darts
1212
dartboard
1212
logical
1215
grids
1215
represented
1215
quad-trees
1215
peeking
1218
dungeon
1223
totals
1225
refueling
1226
spliced
1227
?'s
1231
consistent
1232
reorganize
1233
built
1236
malware
1237 1290
spread
1237 1290
slanted
1239
ciphertext
1239
representing
1242
walking
1244 1504
closed
1247
matching
1248 1300 1330 1510 1514 1797 1943
tic-tac-toe
1249
state
1249
handled
1253
inverse
1254
delayed
1255
arrival
1255
unhappy
1256
recurring
1259
decimal
1259
rearranged
1260
confirmation
1261
rate
1261
1-bordered
1263
town
1268
judge
1268
69
1272
itinerary
1273
summation
1274
reformat
1275 1279 1786 1974
furthest
1276 2023
marked
1277
levels
1278 1734
mice
1282
cheese
1282
gas
1289
station
1289
min-product
1291
white
1293 1551
tiles
1293 1551
carpets
1293
e-mails
1294
trainers
1300
songs
1303
durations
1303
60
1303
jumbled
1304
expressive
1306
asterisks
1308
complementary
1312
non
1313
stickers
1315
spell
1315
pillow
1317
multiples
1322
transaction
1323
fee
1323
delivery
1325 1517
options
1325
oranges
1326 1638
camelcase
1330
populating
1336 1684
pointers
1336 1684
say
1343
diff
1344
matchsticks
1347
maze
1354 1843
unsorted
1355
climbing
1356 1991
stairs
1356 1991
k-mirror
1359
reversing
1360
week
1361
per
1366 1644
operation
1369 1569 1737 1949
losses
1370
happiness
1371
k-subarray
1372
array-form
1374
referee
1375
numerically
1376
generated
1378
watched
1380
videos
1380
your
1380
lru
1383
cache
1383 1558 2044
multiply
1384
both
1385
subjects
1389
taught
1389
teacher
1389
places
1390
away
1390
legal
1391
big
1392
countries
1392
numeric
1395
primary
1398
zero-filled
1401
combine
1402
tables
1402
deque
1405
tastiness
1407
candy
1407 1713 1952
basket
1407
pseudo-palindromic
1410
snakes
1411
ladders
1411
upper
1418
case
1418 1463 2048
direct
1421
reports
1421
fluctuation
1423
ranked
1425
items
1425 1471 1510 1940 2014
(atoi)
1427
connect
1428 1706
its
1429 1474 1720
mode
1430
worked
1432
floored
1434
identical
1440
visit
1442 2052
cell
1442
invert
1444
such
1445
underground
1449
robots
1451
budget
1451 2127
subtract
1452
solver
1453
delay
1454
clone
1455 2043
reduction
1457
echo
1459
abbreviating
1460
n-th
1462
tribonacci
1462
double
1465 1474
reversal
1465
rotating
1467 1976
defuse
1469
bomb
1469
corporate
1472
flight
1472
bookings
1472
advantage
1473
shuffle
1473 1746 1857 2086
exist
1474
allocated
1476
allow
1478
defanging
1479
lengths
1486
certain
1488
non-negative
1491 1502
lr
1492
market
1493
interleaving
1495
weighted
1497
subgraph
1497
required
1497 1511
bracket
1498
occurrence
1499 1809
subtracting
1501
amounts
1501
active
1503
minutes
1503
couples
1507
holding
1507
hands
1507 2008
rule
1510
median
1512 1548 1646 1880
write
1513
wildcard
1514
ancestors
1515
directed
1515 1648
acyclic
1515
immediate
1517
judgement
1523
pooling
1524
arrangements
1527
optimal
1528 1606
division
1528 2110
codes
1534
rope
1541
colorful
1541
enemy
1543
forts
1543
captured
1543
select
1545
buildings
1545
weeks
1547
which
1547
half
1550
carpet
1551
dot
1556
lfu
1558
pow
1565
container
1566 1615
turbulent
1567
additive
1568
fruit
1573
baskets
1573
deletion
1576
degrees
1578
mismatch
1584
hire
1588 1771
workers
1588 1771
removable
1592
sentences
1593 2130
minimal
1594
penalty
1595
fertile
1596
pyramids
1596
marking
1601
end
1605
rocks
1611
bigram
1612
crawler
1614
folder
1614
non-increasing
1619
replacing
1620
boats
1625
save
1625
excellent
1626
appropriate
1628
ages
1628
single-threaded
1630
cpu
1630
corner
1631
sold
1633
stick
1634
01
1635
traveled
1636
rotting
1638
tweet
1644
twin
1645
overlap
1647 2112
watch
1649
burgers
1658
waste
1658
ingredients
1658
streak
1659
ladder
1664 1686
alphabetical
1666
generator
1670
salaries
1671
bounds
1672
user
1673
activity
1673
past
1673
30
1673
nearest
1677 1843
y
1677
cinema
1678
allocation
1678
conflict
1680
bowling
1681
exactly
1682 1709 1744
comparisons
1682
population
1683
year
1683 1729
close
1693
washing
1696
machines
1696
wrapper
1699
allocator
1704
larger
1710
equalize
1711
inserter
1712
step
1715 1715
cancellable
1716
roman
1718 1926
viii
1721
cooldown
1723
erect
1724
fence
1724
tic
1725
tac
1725
toe
1725
infected
1727
bottom
1728
kids
1738
invalid
1741 1916 2095
tweets
1741
divisibility
1745 1909
minesweeper
1751
dates
1754
capitalize
1757
dinner
1760
plate
1760
cookies
1764 2012
clumsy
1766
changing
1770 2072
transformation
1775
edits
1776
simplified
1777
fractions
1777
appeal
1779
mysterious
1780
outermost
1787
schemes
1789
ransom
1790
note
1790
blacklist
1791
longer
1793
square-free
1795
include
1796
justification
1798
card
1801
mapping
1802
enough
1806
space
1807 1884
wasted
1807 1884
resizing
1807
customers
1808 1915
bought
1808
new
1811
21
1811
performance
1817
it
1820 2090
straight
1820
connections
1821
suggestions
1823
wonderful
1824
tallest
1825
billboard
1825
election
1826
prison
1827
block
1828
relative
1829 2128
ranks
1829
awesome
1830
tilt
1832
sub-tree
1834
label
1834
descending
1838
reinitialize
1841
rungs
1842
exit
1843
entrance
1843
hills
1847
valleys
1847
examinations
1848
simple
1849
verifying
1851
alien
1851
k-increasing
1852
powerful
1854
homogenous
1855
minimums
1865
ghosts
1866
lock
1868
smoother
1871
except
1872
boomerang
1874
trim
1877
interchangeable
1881
encode
1882
tinyurl
1882
packaging
1884
mutable
1885
x-matrix
1886
infinite
1890
describe
1892
detonate
1895
bombs
1895
express
1896
human
1898
traffic
1898
stadium
1898
conflicts
1905
debounce
1906
mutated
1907
contaminated
1912
sequentially
1914
ordinal
1914
never
1915
sector
1917
track
1917
cat
1921
mouse
1921
rational
1922
reveal
1925
spellchecker
1927
harvested
1932
been
1936
cornered
1937
zuma
1938
descriptions
1939
will
1942
chalk
1942
regular
1943
1-bit
1944
2-bit
1944
rental
1960
orderly
1962
checking
1966
existence
1966
obstacles
1967
appearing
1968
25%
1968
cyclically
1976
fleet
1977 2101
ant
1981
colony
1981
labelled
1986
wraparound
1987
rabbits
1996
stitching
1997
becomes
2001
idle
2001
sideway
2003
substitutions
2004
boomerangs
2006
angle
2008
clock
2008 2076
wear
2009
hats
2009
other
2009
distribution
2012
respecting
2014
dependencies
2014
decrease
2019
punishment
2020
confusion
2021
license
2025
formatting
2025
buddy
2026
chosen
2028
7
2034
exchange
2041
seats
2041
summing
2042
corresponding
2043
buying
2050
simplify
2051
subdomain
2052
heaters
2057
growth
2063
everyone
2066
pressed
2068
name
2068
inform
2071
baseball
2084
preimage
2093
bouquets
2096
monotonic
2097
earnings
2098
taxi
2098
operating
2099
centennial
2099
wheel
2099
bottles
2100
changes
2102
battleships
2106
contain
2108
virus
2108
koko
2109
eating
2109
bananas
2109
hexadecimal
2114
fully
2115
traversable
2115
even-valued
2116
grandparent
2116
lcm
2117
weak
2118
b
2119
c
2119
negations
2121
similarity
2122
k-similar
2123
rle
2125
neighboring
2133
